1
44.00
2
154.00
1
90.00
1
173.00
1
80.00
2
90.00
3
125.00
1
85.00
1
137.00
2
30.00
1
175.00
1
113.00
1
168.00
1
25.00
1
200.00
2
92.00
1
85.00
1
88.00
2
125.00
3
140.00
1
80.00
2
42.00
1
55.00
1
60.00
2
100.00
1
53.00
2
50.00
3
45.00
1
85.00
1
60.00
1
72.00
1
60.00
1
114.00
2
109.00
3
53.00
1
155.00
2
40.00
1
50.00
2
85.00
1
60.00
2
70.00
1
293.00
1
60.00
2
85.00
3
35.00
1
95.00
2
20.00
3
24.00
1
128.00
2
70.00
1
100.00
1
144.00
2
120.00
1
25.00
2
35.00
1
328.00
1
50.00
2
80.00
3
50.00
4
150.00
1
140.00
2
60.00
3
120.00
4
65.00
